# Sensor-CASSY Messwerte
# Integrations-Offset: 0.000000 V
# Spalten: t_s	U_V	I_A	int_U_Vs
t_s	U_V	I_A	int_U_Vs
0.125	-0.44	0.1955	0
0.25	-0.22	0.2955	-0.04125
0.407	-0.13	0.4085	-0.068725
0.516	-0.075	0.474	-0.0798975
0.703	-0.04	0.55	-0.09065
0.813	-0.03	0.578	-0.0945
0.953	-0.01	0.599	-0.0973
1.063	0	0.5955	-0.09785
1.188	0	0.5775	-0.09785
1.313	0.005	0.541	-0.0975375
1.453	0.015	0.476	-0.0961375
1.594	0.02	0.3995	-0.09367
1.766	0.04	0.2915	-0.08851
1.922	0.07	0.181	-0.07993
2.032	0.135	0.0835	-0.068655
2.188	0.225	-0.0435	-0.040575
2.328	0.715	-0.1385	0.025225
2.453	0.45	-0.237	0.0980375
2.625	0.155	-0.3395	0.1500675
2.75	0.09	-0.411	0.16538
2.891	0.055	-0.4665	0.1756025
3.016	0.03	-0.4985	0.180915
3.157	0.01	-0.5215	0.183735
3.313	0	-0.52	0.184515
3.469	-0.005	-0.498	0.184125
3.61	-0.015	-0.454	0.182715
3.75	-0.015	-0.396	0.180615
3.938	-0.035	-0.2965	0.175915
4.032	-0.05	-0.2355	0.17192
4.188	-0.085	-0.137	0.16139
4.328	-0.16	-0.043	0.14424
4.438	-0.255	0.0335	0.121415
4.563	-0.555	0.125	0.07079
4.719	-0.4	0.2105	-0.0037
4.844	-0.2	0.2805	-0.0412
4.985	-0.09	0.3515	-0.061645
5.094	-0.055	0.394	-0.0695475
5.25	-0.035	0.4345	-0.0765675
5.375	-0.02	0.4535	-0.080005
5.5	-0.005	0.458	-0.0815675
5.657	0	0.445	-0.08196
5.797	0.005	0.413	-0.08161
5.938	0.01	0.3685	-0.0805525
6.047	0.02	0.3225	-0.0789175
6.188	0.03	0.2495	-0.0753925
6.313	0.05	0.1885	-0.0703925
6.438	0.07	0.1165	-0.0628925
6.563	0.125	0.0415	-0.050705
6.703	0.245	-0.048	-0.024805
6.86	0.505	-0.1265	0.03407
6.985	0.335	-0.206	0.08657
7.125	0.155	-0.2645	0.12087
7.266	0.095	-0.318	0.138495
7.407	0.055	-0.3595	0.14907
7.563	0.025	-0.3905	0.15531
7.719	0	-0.4	0.15726
7.86	-0.005	-0.393	0.1569075
7.985	-0.01	-0.3735	0.15597
8.11	-0.015	-0.343	0.1544075
8.235	-0.02	-0.303	0.15222
8.375	-0.03	-0.2485	0.14872
8.516	-0.045	-0.18	0.1434325
8.641	-0.06	-0.1245	0.13687
8.797	-0.11	-0.0395	0.12361
8.938	-0.185	0.0315	0.1028125
9.047	-0.33	0.089	0.074745
9.203	-0.49	0.1605	0.010785
9.313	-0.24	0.209	-0.029365
9.469	-0.105	0.268	-0.056275
9.61	-0.075	0.304	-0.068965
9.75	-0.04	0.3335	-0.077015
9.907	-0.015	0.349	-0.0813325
10.016	0	0.3485	-0.08215
10.172	0.005	0.335	-0.08176
10.313	0.005	0.3075	-0.081055
10.469	0.015	0.2665	-0.079495
10.594	0.02	0.224	-0.0773075
10.75	0.035	0.1655	-0.0730175
10.891	0.06	0.106	-0.06632
11.032	0.1	0.0375	-0.05504
11.157	0.145	-0.019	-0.0397275
11.313	0.285	-0.0805	-0.0061875
11.453	0.415	-0.1425	0.0428125
11.61	0.215	-0.202	0.0922675
11.75	0.11	-0.243	0.1150175
11.891	0.06	-0.2745	0.1270025
12.016	0.035	-0.2955	0.13294
12.172	0.01	-0.3055	0.13645
12.328	0	-0.302	0.13723
12.485	-0.01	-0.2855	0.136445
12.594	-0.01	-0.265	0.135355
12.735	-0.015	-0.228	0.1335925
12.875	-0.03	-0.186	0.1304425
13	-0.035	-0.142	0.12638
13.157	-0.06	-0.0855	0.1189225
13.297	-0.095	-0.0255	0.1080725
13.422	-0.11	0.024	0.09526
13.578	-0.24	0.082	0.06796
13.703	-0.37	0.131	0.029835
13.828	-0.27	0.171	-0.010165
13.985	-0.11	0.2105	-0.039995
14.094	-0.075	0.2345	-0.0500775
14.25	-0.035	0.256	-0.0586575
14.407	-0.02	0.2665	-0.062975
14.5	0	0.2665	-0.063905
14.657	0	0.256	-0.063905
14.813	0.005	0.2325	-0.063515
14.969	0.01	0.2035	-0.062345
15.11	0.025	0.168	-0.0598775
15.25	0.035	0.1225	-0.0556775
15.391	0.055	0.077	-0.0493325
15.5	0.075	0.033	-0.0422475
15.641	0.1	-0.0145	-0.02991
15.797	0.155	-0.0655	-0.01002
15.907	0.245	-0.0975	0.01198
16.047	0.285	-0.141	0.04908
16.203	0.165	-0.18	0.08418
16.375	0.08	-0.2095	0.10525
16.516	0.035	-0.2255	0.1133575
16.641	0.02	-0.2325	0.116795
16.766	0	-0.2325	0.118045
16.891	-0.005	-0.2255	0.1177325
17.032	-0.01	-0.208	0.116675
17.141	-0.01	-0.1915	0.115585
17.282	-0.025	-0.1605	0.1131175
17.438	-0.03	-0.1225	0.1088275
17.547	-0.035	-0.0945	0.105285
17.688	-0.055	-0.05	0.09894
17.828	-0.08	-0.008	0.08949
17.938	-0.11	0.0295	0.07904
18.094	-0.155	0.073	0.05837
18.235	-0.23	0.1095	0.0312275
18.391	-0.205	0.144	-0.0027025
18.547	-0.105	0.1735	-0.0268825
18.688	-0.05	0.191	-0.03781
18.813	-0.03	0.2005	-0.04281
18.969	-0.005	0.204	-0.04554
19.11	0	0.1985	-0.0458925
19.25	0.01	0.1845	-0.0451925
19.422	0.015	0.16	-0.0430425
19.563	0.015	0.1335	-0.0409275
19.688	0.025	0.1055	-0.0384275
19.844	0.035	0.0685	-0.0337475
19.969	0.05	0.0325	-0.028435
20.094	0.055	0.002	-0.0218725
20.235	0.08	-0.0335	-0.012355
20.375	0.1	-0.071	0.0002450000001
20.5	0.14	-0.0995	0.015245
20.657	0.17	-0.1315	0.03958
20.813	0.11	-0.154	0.06142
20.953	0.06	-0.1695	0.07332
21.125	0.02	-0.1775	0.0802
21.266	0	-0.177	0.08161
21.422	-0.005	-0.1685	0.08122
21.547	-0.01	-0.156	0.0802825
21.688	-0.02	-0.139	0.0781675
21.797	-0.02	-0.118	0.0759875
21.953	-0.025	-0.0885	0.0724775
22.11	-0.04	-0.0555	0.067375
22.25	-0.055	-0.021	0.060725
22.407	-0.075	0.0165	0.05052
22.563	-0.075	0.053	0.03882
22.703	-0.105	0.0785	0.02622
22.86	-0.13	0.106	0.0077725
23	-0.115	0.129	-0.0093775
23.141	-0.06	0.144	-0.021715
23.297	-0.03	0.1525	-0.028735
23.422	-0.01	0.156	-0.031235
23.563	0	0.1535	-0.03194
23.719	0.005	0.143	-0.03155
23.86	0.005	0.13	-0.030845
24	0.01	0.11	-0.029795
24.11	0.02	0.0915	-0.028145
24.266	0.025	0.0645	-0.024635
24.391	0.03	0.0375	-0.0211975
24.516	0.035	0.012	-0.017135
24.688	0.06	-0.0205	-0.008965
24.828	0.06	-0.047	-0.0005649999999
24.953	0.07	-0.07	0.00756
25.11	0.09	-0.095	0.02012
25.235	0.075	-0.1125	0.0304325
25.391	0.06	-0.125	0.0409625
25.5	0.035	-0.132	0.04614
25.641	0.01	-0.136	0.0493125
25.797	0	-0.134	0.0500925
25.922	-0.005	-0.128	0.04978
26.063	-0.01	-0.117	0.0487225
26.235	-0.015	-0.097	0.0465725
26.344	-0.02	-0.081	0.044665
26.485	-0.02	-0.0575	0.041845
26.641	-0.035	-0.0315	0.037555
26.782	-0.045	-0.009	0.031915
26.907	-0.045	0.0125	0.02629
27.047	-0.045	0.038	0.01999
27.188	-0.06	0.06	0.0125875
27.313	-0.055	0.079	0.0054
27.5	-0.05	0.099	-0.0044175
27.657	-0.035	0.1105	-0.01109
27.813	-0.02	0.1175	-0.01538
27.938	-0.005	0.119	-0.0169425
28.078	0	0.116	-0.0172925
28.235	0.01	0.1075	-0.0165075
28.36	0.005	0.096	-0.01557
28.516	0.01	0.081	-0.0144
28.657	0.015	0.0635	-0.0126375
28.813	0.015	0.038	-0.0102975
28.938	0.03	0.021	-0.007485
29.078	0.03	-0.0005	-0.003285
29.235	0.035	-0.023	0.0018175
29.344	0.035	-0.0415	0.0056325
29.485	0.04	-0.0595	0.01092
29.641	0.035	-0.0775	0.01677
29.782	0.035	-0.0895	0.021705
29.907	0.025	-0.0975	0.025455
30.063	0.01	-0.103	0.028185
30.203	0	-0.104	0.028885
30.344	-0.005	-0.1005	0.0285325
30.516	-0.01	-0.092	0.0272425
30.641	-0.01	-0.082	0.0259925
30.782	-0.01	-0.069	0.0245825
30.907	-0.02	-0.0545	0.0227075
31.047	-0.02	-0.036	0.0199075
31.172	-0.02	-0.019	0.0174075
31.313	-0.025	0.001	0.014235
31.453	-0.035	0.0195	0.010035
31.61	-0.035	0.037	0.00454
31.766	-0.035	0.055	-0.0009199999999
31.922	-0.03	0.0705	-0.00599
32.063	-0.025	0.0805	-0.0098675
32.219	-0.015	0.088	-0.0129875
32.375	-0.005	0.091	-0.0145475
32.516	0	0.09	-0.0149
32.641	0	0.086	-0.0149
32.782	0.005	0.0785	-0.0145475
32.922	0.005	0.0685	-0.0138475
33.063	0.01	0.056	-0.01279
33.203	0.01	0.0415	-0.01139
33.36	0.015	0.0245	-0.0094275
33.485	0.02	0.0085	-0.00724
33.625	0.02	-0.0075	-0.00444
33.75	0.02	-0.022	-0.00194
33.907	0.02	-0.038	0.0012
34.032	0.02	-0.051	0.0037
34.157	0.02	-0.06	0.0062
34.313	0.015	-0.0705	0.00893
34.453	0.01	-0.076	0.01068
34.594	0	-0.079	0.011385
34.735	0	-0.079	0.011385
34.875	-0.005	-0.0755	0.011035
34.985	-0.005	-0.071	0.010485
35.141	-0.01	-0.061	0.009315
35.282	-0.01	-0.0515	0.007905
35.391	-0.01	-0.0415	0.006815
35.547	-0.015	-0.026	0.004865
35.688	-0.02	-0.012	0.0023975
35.813	-0.015	0.0005	0.0002100000001
35.953	-0.02	0.0145	-0.00224
36.11	-0.02	0.029	-0.00538
36.266	-0.02	0.043	-0.0085
36.422	-0.02	0.0545	-0.01162
36.563	-0.015	0.062	-0.0140875
36.688	-0.01	0.0665	-0.01565
36.828	-0.005	0.069	-0.0167
36.938	-0.005	0.069	-0.01725
37.094	0	0.0665	-0.01764
37.235	0	0.0615	-0.01764
37.344	0.005	0.056	-0.0173675
37.516	0.005	0.0445	-0.0165075
37.657	0.01	0.034	-0.01545
37.782	0.01	0.023	-0.0142
37.938	0.01	0.0095	-0.01264
38.078	0.01	-0.002	-0.01124
38.203	0.01	-0.013	-0.00999
38.344	0.01	-0.025	-0.00858
38.485	0.015	-0.0355	-0.0068175
38.641	0.01	-0.0455	-0.0048675
38.782	0.005	-0.053	-0.00381
38.891	0.01	-0.057	-0.0029925
39.047	0	-0.06	-0.0022125
39.203	0	-0.0605	-0.0022125
39.313	-0.005	-0.0585	-0.0024875
39.469	-0.005	-0.054	-0.0032675
39.61	-0.01	-0.048	-0.004325
39.735	-0.005	-0.041	-0.0052625
39.891	-0.01	-0.031	-0.0064325
40	-0.01	-0.0225	-0.0075225
40.141	-0.01	-0.011	-0.0089325
40.297	-0.015	0.0005	-0.0108825
40.407	-0.015	0.009	-0.0125325
40.547	-0.015	0.0195	-0.0146325
40.688	-0.01	0.0295	-0.016395
40.813	-0.01	0.0375	-0.017645
40.969	-0.01	0.0445	-0.019205
41.11	-0.005	0.049	-0.0202625
41.25	-0.005	0.052	-0.0209625
41.422	0	0.053	-0.0213925
41.563	0	0.0515	-0.0213925
41.688	0	0.048	-0.0213925
41.844	0.005	0.042	-0.0210025
41.985	0.005	0.0355	-0.0202975
42.11	0.005	0.029	-0.0196725
42.266	0.005	0.0185	-0.0188925
42.407	0.01	0.009	-0.017835
42.563	0.005	-0.0015	-0.016665
42.719	0.01	-0.0125	-0.015495
42.891	0.01	-0.0225	-0.013775
42.985	0.005	-0.029	-0.01307
43.141	0.01	-0.036	-0.0119
43.297	0.005	-0.0415	-0.01073
43.407	0.005	-0.044	-0.01018
43.547	0	-0.046	-0.00983
43.735	0	-0.0455	-0.00983
43.844	0	-0.044	-0.00983
43.985	-0.005	-0.0405	-0.0101825
44.141	-0.005	-0.0345	-0.0109625
44.282	-0.005	-0.029	-0.0116675
44.391	-0.005	-0.0225	-0.0122125
44.532	-0.005	-0.0145	-0.0129175
44.672	-0.005	-0.006	-0.0136175
44.813	-0.01	0.002	-0.014675
44.953	-0.01	0.01	-0.016075
45.094	-0.01	0.018	-0.017485
45.219	-0.01	0.0245	-0.018735
45.375	-0.005	0.031	-0.019905
45.5	-0.01	0.035	-0.0208425
45.672	-0.005	0.0385	-0.0221325
45.813	0	0.04	-0.022485
45.969	0	0.04	-0.022485
46.11	0	0.038	-0.022485
46.266	0	0.034	-0.022485
46.407	0	0.0295	-0.022485
46.532	0.005	0.0245	-0.0221725
46.672	0.005	0.018	-0.0214725
46.797	0	0.0115	-0.02116
46.953	0.005	0.0035	-0.02077
47.094	0.005	-0.003	-0.020065
47.188	0.005	-0.009	-0.019595
47.344	0.005	-0.016	-0.018815
47.485	0.005	-0.0225	-0.01811
47.61	0	-0.0265	-0.0177975
47.766	0	-0.031	-0.0177975
47.907	0	-0.0335	-0.0177975
48.047	0	-0.035	-0.0177975
48.203	-0.005	-0.035	-0.0181875
48.328	-0.005	-0.0335	-0.0188125
48.469	-0.005	-0.031	-0.0195175
48.625	-0.005	-0.0265	-0.0202975
48.735	-0.005	-0.023	-0.0208475
48.875	-0.01	-0.0175	-0.0218975
49.032	-0.005	-0.0105	-0.023075
49.141	-0.005	-0.0055	-0.02362
49.297	-0.005	0.001	-0.0244
49.422	-0.01	0.0075	-0.0253375
49.563	-0.01	0.013	-0.0267475
49.719	-0.005	0.0185	-0.0279175
49.875	-0.005	0.024	-0.0286975
50.016	-0.175	0.1105	-0.0413875
